44
156 174 40705
69 155 A
124 105 6565
90 16 B
132 109 1075
5 36 A
109 113 5220
63 6 A
133 122 29458
116 22 A
134 130 29873
48 55 B
109 178 27769
51 45 A
124 183 19108
115 134 B
122 193 16564
32 85 B
137 129 19128
75 53 A
167 163 48940
102 104 B
178 174 2786
102 130 A
115 163 2132
90 66 B
190 167 18351
67 12 B
149 171 31990
52 89 B
137 140 25258
66 128 A
110 116 14016
69 5 B
142 190 9879
89 67 B
180 122 30104
117 4 B
108 155 16832
90 129 A
183 154 17843
120 98 A
191 160 24373
145 94 A
144 102 23899
131 90 B
188 156 42886
117 6 B
181 112 16784
1 101 A
178 197 43582
57 44 B
165 125 38200
50 98 A
194 150 4072
96 2 B
161 103 17050
97 27 A
197 180 58160
44 167 B
173 126 13408
165 113 A
178 133 36864
63 8 A
167 121 8564
63 31 B
152 106 3105
110 22 B
142 141 30544
82 76 B
103 174 17826
65 171 B
189 158 13161
51 73 A
199 200 25578
152 56 A
175 110 17677
56 31 B
181 139 23706
85 64 A
135 133 29396
134 75 B
118 120 22733
61 103 B
103 180 1236
39 95 A
199 144 52382
108 55 B
